# Pattern Template Matrix (Text Format)
# Format: Pattern_Name Label Timing_Sequence
#

u_if   shift_u 02 02 01 01 01 01 01 02 03 01 02 01 01 01 03 01 01 01 01 01 01 01 01 02 01 01 02 01 01 01 02 01 01 02 01 01 01 02 01 01 02 01 01 01 02 01 01 02 01 01 01 02 01 01 02 01 01 01 02 01 01 02 01 01 01 02 01 01 02 01 01 01 02 01 01 02 01 01 01 02 01 01 02 01 01 01 02 01 01 02 01 01 01 02 01 01 02 01 01 01 02 01 01 02 01 01 01 02 01 01 02 01 01 01 02 01 01 02 01 01 01 02 01 01 02 01 01 01 02 01 01 02 01 01 01 02 01 01 04 01 01 02 02 01 01 01 01
u_noif shift_u 02 02 01 01 01 01 01 02 03 01 02 01 01 01 03 01 01 01 01 01 01 01 01 02 01 01 02 01 01 01 02 01 01 02 01 01 01 02 01 01 02 01 01 01 02 01 01 02 01 01 01 02 01 01 02 01 01 01 02 01 01 02 01 01 01 02 01 01 02 01 01 01 02 01 01 02 01 01 01 02 01 01 02 01 01 01 02 01 01 02 01 01 01 02 01 01 02 01 01 01 02 01 01 02 01 01 01 02 01 01 02 01 01 01 02 01 01 02 01 01 01 02 01 01 02 01 01 01 02 01 01 02 01 01 01 02 01 01 04 01 01 02 02 01 02 02 01 01 01 01
v_if   shift_v 02 02 01 01 01 01 01 01 02 03 01 02 01 01 01 03 01 01 01 01 01 01 01 01 02 01 01 02 01 01 01 02 01 01 02 01 01 01 02 01 01 02 01 01 01 02 01 01 02 01 01 01 02 01 01 02 01 01 01 02 01 01 02 01 01 01 02 01 01 02 01 01 01 02 01 01 02 01 01 01 02 01 01 02 01 01 01 02 01 01 02 01 01 01 02 01 01 02 01 01 01 02 01 01 02 01 01 01 02 01 01 02 01 01 01 02 01 01 02 01 01 01 02 01 01 02 01 01 01 02 01 01 02 01 01 01 02 01 01 04 01 01 02 02 01 01
v_noif shift_v 02 02 01 01 01 01 01 01 02 03 01 02 01 01 01 03 01 01 01 01 01 01 01 01 02 01 01 02 01 01 01 02 01 01 02 01 01 01 02 01 01 02 01 01 01 02 01 01 02 01 01 01 02 01 01 02 01 01 01 02 01 01 02 01 01 01 02 01 01 02 01 01 01 02 01 01 02 01 01 01 02 01 01 02 01 01 01 02 01 01 02 01 01 01 02 01 01 02 01 01 01 02 01 01 02 01 01 01 02 01 01 02 01 01 01 02 01 01 02 01 01 01 02 01 01 02 01 01 01 02 01 01 02 01 01 01 02 01 01 04 01 01 02 02 01 02 02 01 01 01 01

# Total patterns: 4

# Pattern Statistics:
#   u_if: 147 samples
#   u_noif: 150 samples
#   v_if: 146 samples
#   v_noif: 151 samples
